1 0 222222222222111111111111
2 5 222222211111111111122222
3 10 221111111111112222222222
4 5 222222211111111111122222
5 0 222222222222111111111111
6 5 222222211111111111122222
7 10 221111111111112222222222
8 5 222222211111111111122222
9 0 222222222222111111111111
10 5 222222211111111111122222
11 10 221111111111112222222222
12 5 222222211111111111122222
13 0 222222222222111111111111
1 0 444444444444333333333333
1 6 444444444444333333333333
1 12 444444444444333333333333
0 8 44223311
7 2 4442233311
8 7 44223311
13 12 333333333333444444444444
13 0 333333333333444444444444
13 6 333333333333444444444444